352625698841812
352625699427199
352625699419717
352625698851852
352625699419816
352625698849757
352625698843586
352625698845607
352625699419659
352625698841879
357544372928859
357544372988945
357544373015102
352625698408984
357544377580465
357544377516584
357544375041205
357544377646985
357544377641820
357544377647421
357544375003635
357544376797946
357544373427463
357544377516501
357544374039267
357544373577374
357544377632696
357544374790794
357544377579194
357544377539834
357544377556044
357544373766894
357544374824692
357544377609827
357544375147333
357544372852455
357544377609348
357544377516360
357544372863445
357544374829568
357544374026231
357544377607193
357544373356605
357544377608860
357544372855128
357544372928982
352625699842967
357544377599390
357544377516352
357544372959631
357544374790331
357544377609215
357544374791610
357544374873616
357544373766944
357544377599358
357544374796320
357544373356613
357544377609330
357544376797961
357544377694225
357544373016613
357544374959829
357544373061551
357544372936696
357544373066428
357544377626888
357544371423118
357544377613936
357544374762009
357544377587189
357544377604240
357544373060546
357544373065842
357544372923041
357544377539792
357544372852521
357544377545146
357544375054802
357544377587148
357544377625377
357544374829501
357544377576463
357544377614215
357544374830038
357544377611906
357544377614124
357544374790687
357544377611880
357544377646381
357544375048556
357544374000277
357544375664022
357544377517137
357544375643430
357544372936985
357544373040720
357544372960779
357544373066360
357544377610809
357544377610908
357544372836722
357544372937090
357544373066204
357544375008055
357544374790752
357544377634726
357544377591090
357544375009384
357544377602566
357544377506437
357544377516394
357544377608522
357544377631623
357544377610288
357544374986582
357544374834030
357544373357702
357544377645714
357544374985535
352625697008884
357544377626979
357544377647454
357544374985600
357544373005418
357544377536905
357544377610312
357544377575820
357544374784987
357544374985451
357544374979884
357544374816516
357544373070834
357544373005350
357544375129380
357544375029788
357544377631540
357544377517111
357544377637505
357544373042429
357544377647504
357544377698655
357544377652892
357544377601311
357544377637349
357544372960001
357544374958953
357544377587205
357544377654476
357544373014881
357544373357686
357544374978001
357544374993430
357544374985469
357544377631532
357544377519406
357544374986400
357544377724212
357544374854822
357544375055379
357544377708082
357544374039333
357544376800385
357544377637513
357544372935318
357544377721465
357544373004932
357544377601162
357544377637596
357544377630690
357544374833842
357544377659376
357544377641903
357544377641697
357544372964557
357544377604943
357544377507948
357544374959191
357544374793434
357544375124944
357544377717190
357544372936621
357544370292308
357544377636259
357544377641200
357544377634734
357544377558487
357544374035950
357544373005566
357544377599416
352625696615648
357544377626839
357544374989487
357544377707613